#MHImeasured	DEF	GAP	HCG
10.5300	-0.1100	0.5139	1
10.3300	0.0000 	0.2800	2
10.1800	-0.1900 0.1655	3
9.7700	0.2800 	0.2968	5
9.6900	0.3300 	0.2950	6
9.6800	0.6900 	0.3610	7
10.1000	0.2400 	0.0059	10
9.4100	0.6200 	0.1819	15
10.3600	-0.1100 0.0817	21
9.1300	0.5500 	2.2216	22
10.0300	-0.0300 0.0950	23
9.9000	0.2600 	1.3421	25
10.4200	-0.1900 0.3909	26
8.6200	1.5600 	1.3335	30
10.3500	0.1800 	1.6839	31
10.2300	-0.7500 0.1216	33
9.1900	0.8800 	1.2813	37
9.6900	0.7500 	0.6548	38
9.1400	0.9700 	0.9910	40
9.4000	-0.2200 0.0678	42
10.1100	0.2600 	0.1634	43
9.2300	0.6900 	0.9117	44
9.9300	0.2800 	0.7214	47
10.5400	-0.3800 0.5520	49
10.0400	0.3800 	0.9532	53
9.3600	0.7300 	1.2024	56
9.7100	0.8600 	1.2950	57
9.8300	0.5700 	0.5754	58
9.4900	-0.0400 0.8489	59
9.9600	0.0800 	0.9435	61
10.0300	0.2700 	1.6079	67
9.6200	0.4800 	0.0596	68
10.2700	-0.0900 0.2474	69
9.5300	0.6300 	0.0606	70	
10.8400	-0.7300 0.5584	73
9.30 	-0.7300 0.4665	79
9.5900	0.8800 	0.4417	87
10.2800	0.2700 	0.1283	88
10.4500	0.0400 	0.8771	89
10.3200	0.2400 	1.3676	91
10.0200	0.4900 	0.1236	92
9.5600	0.8000 	1.0734	93
9.2100	0.9000 	0.2349	99
9.7400	0.5000 	1.3793	100
8.6990	1.1200	0.2177	90